3   0.5
3.5              2 
5741.0  3482.000000  1 1  1
6371.0  3482.000000  1 1 -1
3.331            3 
6371.0  5741.000000  1 1 -1
6371.0  3482.000000  1 1  1
6371.0  3482.000000  1 1 -1
3.372            3 
6371.0  5741.000000  1 2 -1
6371.0  3482.000000  1 1  1
6371.0  3482.000000  1 1 -1
---PcP, pPcP, sPcP for IASP91 ----

1   0.5
4.37606         2
5871.0  3479.500000  1 1  1
6371.0  3479.500000  1 1 -1
-- PcP for h=500 D=80  AK135  

1   0.5
4.42815     3
6371.0  3479.500000  1 1 1
3479.5     0.000000  8 1 1
6371.0  3479.500000  1 1 -1
-------- P4KP ----------

1   0.5
5.2433          2
5871.0  3479.500000  1 1  1
6371.0  3479.500000  1 1 -1
-- P for h=500 D=80  AK135  

1   0.5
9.80711124       3
 5731.0 5711.0  1  1  1 
 5711.0 3482.0  1  2  1 
 6371.0 3482.0  1  2 -1 
----- P660S-h640km 84 deg-----                  

1   0.5
6.93724966      2 
6171.0  3480.000000  1 2  1
6371.0  3480.000000  1 2 -1
------ ScS for PREM   ----

